Version 0.9.7
5
 4 10 175 77 128 0 1
 5 80 400 206 81 2 2
 0 110 110 877 276 8 3
 1 114 404 206 81 140 4
 3 417 34 203 58 150 6
 0
23
 255 5 129 415 129 415 99 415 99 228 71 228 71 228 0 4 0 1
 0 5 71 288 71 288 71 473 71 473 129 473 129 473 0 1 0 4
 0 5 241 280 241 280 241 280 241 358 241 358 241 358 0 3 0 3
 65280 5 189 415 189 415 182 415 182 280 189 280 189 280 0 4 0 3
 16711808 5 170 415 170 415 145 415 145 280 163 280 163 280 0 4 0 3
 65280 5 202 280 202 280 202 234 285 234 285 280 306 280 0 3 0 3
 0 5 384 280 384 280 384 280 384 358 384 358 384 358 0 3 0 3
 255 5 306 215 306 215 306 215 306 137 306 137 306 137 0 3 0 3
 65280 5 202 293 202 293 202 344 345 344 345 280 345 280 0 3 0 3
 0 5 514 280 514 280 514 280 514 358 514 358 514 358 0 3 0 3
 255 5 436 215 436 215 436 215 436 137 436 137 436 137 0 3 0 3
 16711808 5 176 280 176 280 176 214 418 214 418 280 436 280 0 3 0 3
 16711808 5 176 293 176 293 176 319 475 319 475 280 475 280 0 3 0 3
 33023 5 208 415 208 415 208 293 208 293 319 293 319 293 0 4 0 3
 33023 5 332 280 332 280 332 309 449 309 449 293 449 293 0 3 0 3
 16711680 5 227 415 227 415 227 334 358 334 358 293 358 293 0 4 0 3
 16711680 5 371 280 371 280 371 334 488 334 488 293 488 293 0 3 0 3
 0 5 71 275 71 275 71 352 163 352 163 358 163 358 0 1 0 3
 255 5 71 215 71 215 100 215 100 137 163 137 163 137 0 1 0 3
 255 5 176 137 176 137 165 137 165 215 163 215 163 215 0 3 0 3
 0 5 428 71 428 71 428 358 428 358 423 358 423 358 0 6 0 3
 16711680 5 501 280 501 280 501 78 501 78 503 78 503 78 0 3 0 6
 33023 5 462 280 462 280 462 78 462 78 463 78 463 78 0 3 0 6
3
 7004 1 14 157 228 5 0 0 3360 3
 7032 1 14 300 228 5 0 0 3360 3
 7008 1 14 430 228 5 0 0 3360 3
